Starting parallel pool (parpool) using the 'local' profile ...
Connected to the parallel pool (number of workers: 4).

ans = 

 <a href="matlab: helpPopup parallel.Pool" style="font-weight:bold">Pool</a> with properties: 

            Connected: true
           NumWorkers: 4
              Cluster: <a href="matlab: parallel.internal.display.Displayer.displayObject('1F8B0800000000000000AD54CD4EC240105E2A2592A8D18BE1E80318A2C6037A51C41835540C62F4D0041758A1BA74EBB62472F3E8A378F4317C042FDE3DF208EED2A95DB655343AC99776A6F3CDDF4E17658E2C246441E0492027302BB08442C97C3EB3C8AAD4CEA4BE2AE0618E2925B4E8B801E12EA6C58EE37B140F8B07034A2B74E00BB345FAC40D5814FF50893F0F714DD073902BCA27F542F8FA6628DF22C8782BB9385E5E8B277D46661CCF001D29FD9E9A31DF48E1ABF598A27F1374F994B388E2CC9A3F9B9BECF9C0A1E48263CF23BCD904FE4B36E6C7F9D2E722FD0B99AFFB7ED7FC0DB0CD088834E84AE001F02CF00ADF23690C3D82F6718051CA397E79E8282159C8394D3229BA6A3350B21FDD479505E5A9EE5B16ECEAF92E2B711641FF6CB11DB65EACB236A661BC35E377FB5200FD5EE094B36B71F4897A8F59EB2C601C77894C1438CC0DED2783FE05E3B784FB93FE7572377038F16B2E755C5275DAC4F51DB72BFD1B3D4E7047F3977597A6CC21DAEB680E52A761DB63FEC3147E4DE34BBDB26D9FFBA27ABB54DADC087A7848F88D5DF63CB95A769DE1BE28DAB670D0935DFAB6556E54CB7BF6386B1346DFBC612DDFAE6FACAD6FE1441FB929F3CF831DAADA1D9F9FC2CF1BDFF30D78FB5BDED18ECE9FD3F8FA3E9B13FCE4BDACFBE97C3D5FDA9E2234B9A7FFCD7F44DFDFCB97489D73A8ABF7B2FADFFEE55E96F201F22352F3E0060000')">local</a>
        AttachedFiles: {}
    AutoAddClientPath: true
          IdleTimeout: 30 minutes (30 minutes remaining)
          SpmdEnabled: true


opt = 

  <a href="matlab:helpPopup sdo.OptimizeOptions" style="font-weight:bold">OptimizeOptions</a> with properties:

                      Method: 'fmincon'
               MethodOptions: [1×1 optim.options.Fmincon]
                    Restarts: 0
              StopIfFeasible: 'on'
                     GradFcn: 'off'
                 UseParallel: 0
    ParallelPathDependencies: {}
    ParallelFileDependencies: {}
              OptimizedModel: ''


design = 

  <a href="matlab:helpPopup struct" style="font-weight:bold">struct</a> with fields:

    F: 1.3725e+06

Configuring parallel workers for optimization...
Parallel workers configured for optimization.

 Optimization started 21-May-2020 20:04:39

design = 

  <a href="matlab:helpPopup struct" style="font-weight:bold">struct</a> with fields:

    F: 1.3725e+06


                               max                     First-order 
 Iter F-count        f(x)   constraint    Step-size    optimality
    0     55  1.37247e+06       0.4481

design = 

  <a href="matlab:helpPopup struct" style="font-weight:bold">struct</a> with fields:

    F: 5.8552e+05

    1    110       585515       0.4493         9.97     3.78e+05

design = 

  <a href="matlab:helpPopup struct" style="font-weight:bold">struct</a> with fields:

    F: 5.8982e+05

    2    165       589818       0.4468       0.0796     2.19e+05

design = 

  <a href="matlab:helpPopup struct" style="font-weight:bold">struct</a> with fields:

    F: 6.6353e+05

    3    220       663533       0.4141         2.05     1.85e+05

design = 

  <a href="matlab:helpPopup struct" style="font-weight:bold">struct</a> with fields:

    F: 6.9958e+05

    4    275       699580       0.3803         1.07     1.28e+05

design = 

  <a href="matlab:helpPopup struct" style="font-weight:bold">struct</a> with fields:

    F: 7.9039e+05

    5    330       790393       0.3535        0.966     1.61e+05

design = 

  <a href="matlab:helpPopup struct" style="font-weight:bold">struct</a> with fields:

    F: 7.7689e+05

    6    385       776891       0.3461        0.743     1.28e+05

design = 

  <a href="matlab:helpPopup struct" style="font-weight:bold">struct</a> with fields:

    F: 7.7724e+05

    7    440       777239        0.346        0.015     1.28e+05
Converged to an infeasible point.

fmincon stopped because the size of the current step is less than
the value of the step size tolerance but constraints are not
satisfied to within the value of the constraint tolerance.
Removing data from parallel workers...
Data removed from parallel workers.
Elapsed time is 1409.202221 seconds.

design = 

  <a href="matlab:helpPopup struct" style="font-weight:bold">struct</a> with fields:

    F: 5.0961e+06

Configuring parallel workers for optimization...
Parallel workers configured for optimization.

 Optimization started 21-May-2020 20:27:24

design = 

  <a href="matlab:helpPopup struct" style="font-weight:bold">struct</a> with fields:

    F: 5.0961e+06


                               max                     First-order 
 Iter F-count        f(x)   constraint    Step-size    optimality
    0     49   5.0961e+06      0.07212

design = 

  <a href="matlab:helpPopup struct" style="font-weight:bold">struct</a> with fields:

    F: 4.8220e+06

    1     98    4.822e+06      0.04534        0.492     3.49e+05

design = 

  <a href="matlab:helpPopup struct" style="font-weight:bold">struct</a> with fields:

    F: 4.6184e+06

    2    147  4.61844e+06       0.0198        0.741     3.12e+05

design = 

  <a href="matlab:helpPopup struct" style="font-weight:bold">struct</a> with fields:

    F: 4.5443e+06

    3    196  4.54433e+06     0.008804        0.271     2.81e+05

design = 

  <a href="matlab:helpPopup struct" style="font-weight:bold">struct</a> with fields:

    F: 4.5419e+06

    4    245  4.54192e+06     0.008429        0.431     2.65e+05

design = 

  <a href="matlab:helpPopup struct" style="font-weight:bold">struct</a> with fields:

    F: 4.5407e+06

    5    294   4.5407e+06      0.00824        0.107     2.58e+05

design = 

  <a href="matlab:helpPopup struct" style="font-weight:bold">struct</a> with fields:

    F: 4.5345e+06

    6    343  4.53448e+06     0.007271        0.187     2.53e+05

design = 

  <a href="matlab:helpPopup struct" style="font-weight:bold">struct</a> with fields:

    F: 4.5344e+06

    7    392  4.53439e+06     0.007256      0.00239     2.52e+05
Converged to an infeasible point.

fmincon stopped because the size of the current step is less than
the value of the step size tolerance but constraints are not
satisfied to within the value of the constraint tolerance.
Removing data from parallel workers...
Data removed from parallel workers.
Elapsed time is 2672.891005 seconds.

design = 

  <a href="matlab:helpPopup struct" style="font-weight:bold">struct</a> with fields:

    F: 4.4653e+06

Configuring parallel workers for optimization...
Parallel workers configured for optimization.

 Optimization started 21-May-2020 21:11:53

design = 

  <a href="matlab:helpPopup struct" style="font-weight:bold">struct</a> with fields:

    F: 4.4653e+06


                               max                     First-order 
 Iter F-count        f(x)   constraint    Step-size    optimality
    0     49  4.46532e+06    0.0004623

design = 

  <a href="matlab:helpPopup struct" style="font-weight:bold">struct</a> with fields:

    F: 4.1560e+06

    1     98    4.156e+06      0.02705        0.681     3.25e+05

design = 

  <a href="matlab:helpPopup struct" style="font-weight:bold">struct</a> with fields:

    F: 4.1417e+06

    2    147  4.14165e+06      0.03049        0.275     2.89e+05

design = 

  <a href="matlab:helpPopup struct" style="font-weight:bold">struct</a> with fields:

    F: 4.1413e+06

    3    196  4.14132e+06      0.03057      0.00658     2.88e+05
Converged to an infeasible point.

fmincon stopped because the size of the current step is less than
the value of the step size tolerance but constraints are not
satisfied to within the value of the constraint tolerance.
Removing data from parallel workers...
Data removed from parallel workers.
Elapsed time is 1400.936322 seconds.

