Starting parallel pool (parpool) using the 'local' profile ...
Connected to the parallel pool (number of workers: 4).

ans = 

 <a href="matlab: helpPopup parallel.Pool" style="font-weight:bold">Pool</a> with properties: 

            Connected: true
           NumWorkers: 4
              Cluster: <a href="matlab: parallel.internal.display.Displayer.displayObject('1F8B0800000000000000AD54CD4EC240105E2A2592A8D18BE1E80318A2C6037A51C41835540C62F4D0041758A1BA74EBB62472F3E8A378F4317C042FDE3DF208EED2A95DB655343AC99776A6F3CDDF4E17658E2C246441E0492027302BB08442C97C3EB3C8AAD4CEA4BE2AE0618E2925B4E8B801E12EA6C58EE37B140F8B07034A2B74E00BB345FAC40D5814FF50893F0F714DD073902BCA27F542F8FA6628DF22C8782BB9385E5E8B277D46661CCF001D29FD9E9A31DF48E1ABF598A27F1374F994B388E2CC9A3F9B9BECF9C0A1E48263CF23BCD904FE4B36E6C7F9D2E722FD0B99AFFB7ED7FC0DB0CD088834E84AE001F02CF00ADF23690C3D82F6718051CA397E79E8282159C8394D3229BA6A3350B21FDD479505E5A9EE5B16ECEAF92E2B711641FF6CB11DB65EACB236A661BC35E377FB5200FD5EE094B36B71F4897A8F59EB2C601C77894C1438CC0DED2783FE05E3B784FB93FE7572377038F16B2E755C5275DAC4F51DB72BFD1B3D4E7047F3977597A6CC21DAEB680E52A761DB63FEC3147E4DE34BBDB26D9FFBA27ABB54DADC087A7848F88D5DF63CB95A769DE1BE28DAB670D0935DFAB6556E54CB7BF6386B1346DFBC612DDFAE6FACAD6FE1441FB929F3CF831DAADA1D9F9FC2CF1BDFF30D78FB5BDED18ECE9FD3F8FA3E9B13FCE4BDACFBE97C3D5FDA9E2234B9A7FFCD7F44DFDFCB97489D73A8ABF7B2FADFFEE55E96F201F22352F3E0060000')">local</a>
        AttachedFiles: {}
    AutoAddClientPath: true
          IdleTimeout: 30 minutes (30 minutes remaining)
          SpmdEnabled: true


ans =

  Columns 1 through 21

     0     0     0     0     0     0     0     0     0     0     0     0     0     0     0     0     0     0     0     0     0

  Columns 22 through 24

     0     0     0


design = 

  <a href="matlab:helpPopup struct" style="font-weight:bold">struct</a> with fields:

    F: 4.7359e+04

Configuring parallel workers for optimization...
Parallel workers configured for optimization.

 Optimization started 27-Mar-2020 10:52:33

ans =

  Columns 1 through 21

     0     0     0     0     0     0     0     0     0     0     0     0     0     0     0     0     0     0     0     0     0

  Columns 22 through 24

     0     0     0


design = 

  <a href="matlab:helpPopup struct" style="font-weight:bold">struct</a> with fields:

    F: 4.7359e+04


                               max                     First-order 
 Iter F-count        f(x)   constraint    Step-size    optimality
    0     59      47359.3            0

ans =

  Columns 1 through 13

 -149.2014 -149.2464 -149.2500 -149.2441 -149.2379 -149.2318   29.6347   29.7905   29.8170   29.8235   29.8154   29.8271    5.5301

  Columns 14 through 24

   -7.9254   -7.9252   -7.9239   -7.9360   -7.9380  -14.9064  -14.9082  -14.9110  -14.8639  -14.8801  -14.8705


design = 

  <a href="matlab:helpPopup struct" style="font-weight:bold">struct</a> with fields:

    F: 2.0526e+03

    1    118      2052.61            0         4.81     6.72e+03

ans =

  Columns 1 through 13

 -149.2290 -149.2676 -149.2832 -149.3132 -149.3452 -149.3835   29.6178   29.7826   29.8112   29.8183   29.8092   29.8241    3.3282

  Columns 14 through 24

   -7.9255   -7.9251   -7.9238   -7.9357   -7.9378  -14.9070  -14.9100  -14.9129  -14.8793  -14.8907  -14.8840


design = 

  <a href="matlab:helpPopup struct" style="font-weight:bold">struct</a> with fields:

    F: 2.0112e+03

    2    177      2011.17            0        0.278     6.72e+03

ans =

  Columns 1 through 13

 -149.2434 -149.2803 -149.3012 -149.3433 -149.3860 -149.4340   29.6098   29.7798   29.8094   29.8168   29.8074   29.8238   -7.9434

  Columns 14 through 24

   -7.9261   -7.9255   -7.9241   -7.9359   -7.9380  -14.9080  -14.9114  -14.9143  -14.8858  -14.8954  -14.8896


design = 

  <a href="matlab:helpPopup struct" style="font-weight:bold">struct</a> with fields:

    F: 1.9875e+03

    3    236      1987.53            0         1.41      6.1e+03

ans =

  Columns 1 through 13

 -149.3371 -149.3555 -149.4150 -149.5490 -149.6636 -149.7684   29.5333   29.7459   29.7853   29.7952   29.7815   29.8117   -4.1117

  Columns 14 through 24

   -7.9269   -7.9253   -7.9233   -7.9349   -7.9370  -14.9109  -14.9183  -14.9213  -14.9281  -14.9266  -14.9274


design = 

  <a href="matlab:helpPopup struct" style="font-weight:bold">struct</a> with fields:

    F: 1.9149e+03

    4    295      1914.86            0        0.479          792

ans =

  Columns 1 through 13

 -149.6294 -149.6257 -149.7319 -149.8652 -149.9260 -149.9606   15.4747   28.1699   29.1661   29.3081   28.9656   29.6907   -7.9806

  Columns 14 through 24

   -7.9327   -7.9277   -7.9230   -7.9315   -7.9335  -14.9296  -14.9486  -14.9510  -14.9764  -14.9734  -14.9749


design = 

  <a href="matlab:helpPopup struct" style="font-weight:bold">struct</a> with fields:

    F: 1.8210e+03

    5    354      1821.04            0        0.677          875

ans =

  Columns 1 through 13

 -149.7229 -149.7076 -149.8194 -149.9346 -149.9703 -149.9839  -29.7726   22.7270   27.6367   28.0269   24.9922   29.4392   -7.9135

  Columns 14 through 24

   -7.9368   -7.9291   -7.9227   -7.9291   -7.9295  -14.9377  -14.9592  -14.9618  -14.9829  -14.9822  -14.9834


design = 

  <a href="matlab:helpPopup struct" style="font-weight:bold">struct</a> with fields:

    F: 1.7613e+03

    6    413      1761.32            0         1.53          976

ans =

  Columns 1 through 13

 -149.7235 -149.7083 -149.8198 -149.9348 -149.9703 -149.9839  -29.9989   22.2089   27.6143   28.0169   24.2512   29.4406   -7.9132

  Columns 14 through 24

   -7.9368   -7.9291   -7.9227   -7.9292   -7.9295  -14.9377  -14.9593  -14.9618  -14.9829  -14.9822  -14.9834


design = 

  <a href="matlab:helpPopup struct" style="font-weight:bold">struct</a> with fields:

    F: 1.7577e+03

    7    472      1757.68            0       0.0311          988

ans =

  Columns 1 through 13

 -149.7297 -149.7150 -149.8229 -149.9361 -149.9714 -149.9844  -29.7484  -29.2672   27.8993   28.1114  -29.7287   29.3942   -7.8859

  Columns 14 through 24

   -7.9384   -7.9305   -7.9225   -7.9312   -7.9322  -14.9413  -14.9611  -14.9634  -14.9827  -14.9816  -14.9831


design = 

  <a href="matlab:helpPopup struct" style="font-weight:bold">struct</a> with fields:

    F: 1.6317e+03

    8    531      1631.75            0         2.49     1.55e+03

ans =

  Columns 1 through 13

 -149.7328 -149.7182 -149.8248 -149.9367 -149.9717 -149.9846  -29.6857  -28.4017   27.8375   28.0483  -29.9986   29.3968   -7.8854

  Columns 14 through 24

   -7.9384   -7.9304   -7.9224   -7.9310   -7.9321  -14.9414  -14.9613  -14.9637  -14.9828  -14.9817  -14.9832


design = 

  <a href="matlab:helpPopup struct" style="font-weight:bold">struct</a> with fields:

    F: 1.6285e+03

    9    590      1628.48            0       0.0304      1.5e+03

ans =

  Columns 1 through 13

 -149.7329 -149.7182 -149.8249 -149.9368 -149.9718 -149.9846  -29.9984  -27.9810   27.8136   28.0248  -29.9969   29.3950   -7.8855

  Columns 14 through 24

   -7.9384   -7.9304   -7.9224   -7.9311   -7.9321  -14.9414  -14.9613  -14.9637  -14.9828  -14.9817  -14.9832


design = 

  <a href="matlab:helpPopup struct" style="font-weight:bold">struct</a> with fields:

    F: 1.6278e+03

   10    649      1627.79            0       0.0175     1.49e+03
Local minimum possible. Constraints satisfied.

fmincon stopped because the size of the current step is less than
the value of the step size tolerance and constraints are 
satisfied to within the value of the constraint tolerance.
Removing data from parallel workers...
Data removed from parallel workers.
Elapsed time is 2600.794741 seconds.

ans =

  Columns 1 through 13

 -149.7329 -149.7182 -149.8249 -149.9368 -149.9718 -149.9846  -29.9984  -27.9810   27.8136   28.0248  -29.9969   29.3950   -7.8855

