Starting parallel pool (parpool) using the 'local' profile ...
Connected to the parallel pool (number of workers: 4).

ans = 

 <a href="matlab: helpPopup parallel.Pool" style="font-weight:bold">Pool</a> with properties: 

            Connected: true
           NumWorkers: 4
              Cluster: <a href="matlab: parallel.internal.display.Displayer.displayObject('1F8B0800000000000000AD54CD4EC240105E2A2592A8D18BE1E80318A2C6037A51C41835540C62F4D0041758A1BA74EBB62472F3E8A378F4317C042FDE3DF208EED2A95DB655343AC99776A6F3CDDF4E17658E2C246441E0492027302BB08442C97C3EB3C8AAD4CEA4BE2AE0618E2925B4E8B801E12EA6C58EE37B140F8B07034A2B74E00BB345FAC40D5814FF50893F0F714DD073902BCA27F542F8FA6628DF22C8782BB9385E5E8B277D46661CCF001D29FD9E9A31DF48E1ABF598A27F1374F994B388E2CC9A3F9B9BECF9C0A1E48263CF23BCD904FE4B36E6C7F9D2E722FD0B99AFFB7ED7FC0DB0CD088834E84AE001F02CF00ADF23690C3D82F6718051CA397E79E8282159C8394D3229BA6A3350B21FDD479505E5A9EE5B16ECEAF92E2B711641FF6CB11DB65EACB236A661BC35E377FB5200FD5EE094B36B71F4897A8F59EB2C601C77894C1438CC0DED2783FE05E3B784FB93FE7572377038F16B2E755C5275DAC4F51DB72BFD1B3D4E7047F3977597A6CC21DAEB680E52A761DB63FEC3147E4DE34BBDB26D9FFBA27ABB54DADC087A7848F88D5DF63CB95A769DE1BE28DAB670D0935DFAB6556E54CB7BF6386B1346DFBC612DDFAE6FACAD6FE1441FB929F3CF831DAADA1D9F9FC2CF1BDFF30D78FB5BDED18ECE9FD3F8FA3E9B13FCE4BDACFBE97C3D5FDA9E2234B9A7FFCD7F44DFDFCB97489D73A8ABF7B2FADFFEE55E96F201F22352F3E0060000')">local</a>
        AttachedFiles: {}
    AutoAddClientPath: true
          IdleTimeout: 30 minutes (30 minutes remaining)
          SpmdEnabled: true

[Warning: Program interruption (Ctrl-C) has been detected.] 
[> In <a href="matlab:matlab.internal.language.introspective.errorDocCallback('ss1', 'C:\Users\8842thayerj\Documents\GitHub\GaitSimulation\ss1.m', 24)" style="font-weight:bold">ss1</a> (<a href="matlab: opentoline('C:\Users\8842thayerj\Documents\GitHub\GaitSimulation\ss1.m',24,0)">line 24</a>)
  In <a href="matlab:matlab.internal.language.introspective.errorDocCallback('run', 'C:\Program Files\MATLAB\R2019a\toolbox\matlab\lang\run.m', 91)" style="font-weight:bold">run</a> (<a href="matlab: opentoline('C:\Program Files\MATLAB\R2019a\toolbox\matlab\lang\run.m',91,0)">line 91</a>)
  In <a href="matlab:matlab.internal.language.introspective.errorDocCallback('TestScript_SSDS', 'C:\Users\8842thayerj\Documents\GitHub\GaitSimulation\TestScript_SSDS.m', 49)" style="font-weight:bold">TestScript_SSDS</a> (<a href="matlab: opentoline('C:\Users\8842thayerj\Documents\GitHub\GaitSimulation\TestScript_SSDS.m',49,0)">line 49</a>)] 
{Operation terminated by user during <a href="matlab:matlab.internal.language.introspective.errorDocCallback('ss1', 'C:\Users\8842thayerj\Documents\GitHub\GaitSimulation\ss1.m', 24)" style="font-weight:bold">ss1</a> (<a href="matlab: opentoline('C:\Users\8842thayerj\Documents\GitHub\GaitSimulation\ss1.m',24,0)">line 24</a>)


In <a href="matlab:matlab.internal.language.introspective.errorDocCallback('run', 'C:\Program Files\MATLAB\R2019a\toolbox\matlab\lang\run.m', 91)" style="font-weight:bold">run</a> (<a href="matlab: opentoline('C:\Program Files\MATLAB\R2019a\toolbox\matlab\lang\run.m',91,0)">line 91</a>)
evalin('caller', strcat(script, ';'));

In <a href="matlab:matlab.internal.language.introspective.errorDocCallback('TestScript_SSDS', 'C:\Users\8842thayerj\Documents\GitHub\GaitSimulation\TestScript_SSDS.m', 49)" style="font-weight:bold">TestScript_SSDS</a> (<a href="matlab: opentoline('C:\Users\8842thayerj\Documents\GitHub\GaitSimulation\TestScript_SSDS.m',49,0)">line 49</a>)
    run('ss1')
} 
TestScript_SSDS
[Warning: The value of local variables may have been changed to match the globals.  Future versions of MATLAB will require that you
declare a variable to be global before you use that variable.] 
[> In <a href="matlab:matlab.internal.language.introspective.errorDocCallback('ss1', 'C:\Users\8842thayerj\Documents\GitHub\GaitSimulation\ss1.m', 2)" style="font-weight:bold">ss1</a> (<a href="matlab: opentoline('C:\Users\8842thayerj\Documents\GitHub\GaitSimulation\ss1.m',2,0)">line 2</a>)
  In <a href="matlab:matlab.internal.language.introspective.errorDocCallback('run', 'C:\Program Files\MATLAB\R2019a\toolbox\matlab\lang\run.m', 91)" style="font-weight:bold">run</a> (<a href="matlab: opentoline('C:\Program Files\MATLAB\R2019a\toolbox\matlab\lang\run.m',91,0)">line 91</a>)
  In <a href="matlab:matlab.internal.language.introspective.errorDocCallback('TestScript_SSDS', 'C:\Users\8842thayerj\Documents\GitHub\GaitSimulation\TestScript_SSDS.m', 51)" style="font-weight:bold">TestScript_SSDS</a> (<a href="matlab: opentoline('C:\Users\8842thayerj\Documents\GitHub\GaitSimulation\TestScript_SSDS.m',51,0)">line 51</a>)] 
Parallel pool using the 'local' profile is shutting down.
