Starting parallel pool (parpool) using the 'local' profile ...
Connected to the parallel pool (number of workers: 4).

ans = 

 <a href="matlab: helpPopup parallel.Pool" style="font-weight:bold">Pool</a> with properties: 

            Connected: true
           NumWorkers: 4
              Cluster: <a href="matlab: parallel.internal.display.Displayer.displayObject('1F8B0800000000000000AD54CD4EC240105E2A2592A8D18BE1E80318A2C6037A51C41835540C62F4D0041758A1BA74EBB62472F3E8A378F4317C042FDE3DF208EED2A95DB655343AC99776A6F3CDDF4E17658E2C246441E0492027302BB08442C97C3EB3C8AAD4CEA4BE2AE0618E2925B4E8B801E12EA6C58EE37B140F8B07034A2B74E00BB345FAC40D5814FF50893F0F714DD073902BCA27F542F8FA6628DF22C8782BB9385E5E8B277D46661CCF001D29FD9E9A31DF48E1ABF598A27F1374F994B388E2CC9A3F9B9BECF9C0A1E48263CF23BCD904FE4B36E6C7F9D2E722FD0B99AFFB7ED7FC0DB0CD088834E84AE001F02CF00ADF23690C3D82F6718051CA397E79E8282159C8394D3229BA6A3350B21FDD479505E5A9EE5B16ECEAF92E2B711641FF6CB11DB65EACB236A661BC35E377FB5200FD5EE094B36B71F4897A8F59EB2C601C77894C1438CC0DED2783FE05E3B784FB93FE7572377038F16B2E755C5275DAC4F51DB72BFD1B3D4E7047F3977597A6CC21DAEB680E52A761DB63FEC3147E4DE34BBDB26D9FFBA27ABB54DADC087A7848F88D5DF63CB95A769DE1BE28DAB670D0935DFAB6556E54CB7BF6386B1346DFBC612DDFAE6FACAD6FE1441FB929F3CF831DAADA1D9F9FC2CF1BDFF30D78FB5BDED18ECE9FD3F8FA3E9B13FCE4BDACFBE97C3D5FDA9E2234B9A7FFCD7F44DFDFCB97489D73A8ABF7B2FADFFEE55E96F201F22352F3E0060000')">local</a>
        AttachedFiles: {}
    AutoAddClientPath: true
          IdleTimeout: 30 minutes (30 minutes remaining)
          SpmdEnabled: true


ans =

  Columns 1 through 21

     0     0     0     0     0     0     0     0     0     0     0     0     0     0     0     0     0     0     0     0     0

  Columns 22 through 24

     0     0     0


design = 

  <a href="matlab:helpPopup struct" style="font-weight:bold">struct</a> with fields:

    F: 1.1837e+05

Configuring parallel workers for optimization...
Parallel workers configured for optimization.

 Optimization started 23-May-2020 22:14:22

ans =

  Columns 1 through 21

     0     0     0     0     0     0     0     0     0     0     0     0     0     0     0     0     0     0     0     0     0

  Columns 22 through 24

     0     0     0


design = 

  <a href="matlab:helpPopup struct" style="font-weight:bold">struct</a> with fields:

    F: 1.1837e+05


                               max                     First-order 
 Iter F-count        f(x)   constraint    Step-size    optimality
    0     59       118375            0

ans =

  Columns 1 through 13

   -2.3525   -2.3533   -2.3512    2.3497    2.3521   -2.3512    0.4705    0.4706    0.4683    0.4705    0.4703   -0.4693   -0.1252

  Columns 14 through 24

   -0.1254    0.1255    0.1249    0.1232   -0.1183   -0.2352    0.2316   -0.2350   -0.2348    0.2330    0.2299


design = 

  <a href="matlab:helpPopup struct" style="font-weight:bold">struct</a> with fields:

    F: 1.3154e+06


ans =

  Columns 1 through 13

   -1.1762   -1.1766   -1.1756    1.1748    1.1761   -1.1756    0.2352    0.2353    0.2342    0.2352    0.2351   -0.2347   -0.0626

  Columns 14 through 24

   -0.0627    0.0627    0.0625    0.0616   -0.0591   -0.1176    0.1158   -0.1175   -0.1174    0.1165    0.1150


design = 

  <a href="matlab:helpPopup struct" style="font-weight:bold">struct</a> with fields:

    F: 1.0659e+04

    1    177        10659            0         19.3     1.19e+04

ans =

  Columns 1 through 13

  -24.3118  -15.6399   -9.2500   11.1495   10.0225  -10.4100    2.0683    2.0458    2.4399    1.8977    1.7316   -1.9654   -0.5224

  Columns 14 through 24

   -0.5285    0.5229    0.4802    0.3893   -0.4554   -0.9926    0.9313   -0.9833   -0.9825    0.9796    0.9529


design = 

  <a href="matlab:helpPopup struct" style="font-weight:bold">struct</a> with fields:

    F: 8.3138e+03

    2    236      8313.76            0         27.8     8.25e+06

ans =

  Columns 1 through 13

  -26.7054  -17.4039  -10.4093   10.8604   11.2595  -11.6862    2.3226    2.2976    2.7320    2.1340    1.9510   -2.2081   -0.5878

  Columns 14 through 24

   -0.5939    0.5878    0.5413    0.4403   -0.5153   -1.1152    1.0481   -1.1051   -1.1044    1.1040    1.0686


design = 

  <a href="matlab:helpPopup struct" style="font-weight:bold">struct</a> with fields:

    F: 1.7531e+04


ans =

  Columns 1 through 13

  -25.5086  -16.5219   -9.8296   11.0049   10.6410  -11.0481    2.1955    2.1717    2.5860    2.0159    1.8413   -2.0867   -0.5551

  Columns 14 through 24

   -0.5612    0.5554    0.5108    0.4148   -0.4853   -1.0539    0.9897   -1.0442   -1.0435    1.0418    1.0107


design = 

  <a href="matlab:helpPopup struct" style="font-weight:bold">struct</a> with fields:

    F: 1.2799e+04


ans =

  Columns 1 through 13

  -24.9102  -16.0809   -9.5398   11.0772   10.3317  -10.7291    2.1319    2.1087    2.5130    1.9568    1.7864   -2.0260   -0.5388

  Columns 14 through 24

   -0.5448    0.5392    0.4955    0.4020   -0.4704   -1.0232    0.9605   -1.0137   -1.0130    1.0107    0.9818


design = 

  <a href="matlab:helpPopup struct" style="font-weight:bold">struct</a> with fields:

    F: 1.0501e+04


ans =

  Columns 1 through 13

  -24.6110  -15.8604   -9.3949   11.1133   10.1771  -10.5695    2.1001    2.0772    2.4764    1.9273    1.7590   -1.9957   -0.5306

  Columns 14 through 24

   -0.5366    0.5311    0.4879    0.3957   -0.4629   -1.0079    0.9459   -0.9985   -0.9978    0.9951    0.9673


design = 

  <a href="matlab:helpPopup struct" style="font-weight:bold">struct</a> with fields:

    F: 9.6642e+03


ans =

  Columns 1 through 13

  -24.2968  -15.6319   -9.2622   -0.8031    9.9961  -10.3837    2.0691    2.0463    2.4403    1.8924    1.7369   -1.9600   -0.5254

  Columns 14 through 24

   -0.5286    0.5243    0.4816    0.3893   -0.4554   -0.9894    0.9306   -0.9820   -0.9822    0.9822    0.9503


design = 

  <a href="matlab:helpPopup struct" style="font-weight:bold">struct</a> with fields:

    F: 8.2822e+03

    3    531      8282.22            0       0.0797      2.4e+04

ans =

  Columns 1 through 13

  -21.6101  -17.1222  -10.6697   -6.0819   -9.1058    3.5638    2.3833   -5.7612    2.7654   -1.5782    0.7776   -0.7918   -0.6179

  Columns 14 through 24

    3.3454   -4.9656   -0.3734   -0.1235   -0.4226   -0.6159    1.1068   -0.6893    0.7954    1.0965    0.8842


design = 

  <a href="matlab:helpPopup struct" style="font-weight:bold">struct</a> with fields:

    F: 4.0087e+04


ans =

  Columns 1 through 13

  -22.9535  -16.3770   -9.9659   -3.4425    0.4451   -3.4099    2.2262   -1.8574    2.6029    0.1571    1.2572   -1.3759   -0.5717

  Columns 14 through 24

    1.4084   -2.2206    0.0541    0.1329   -0.4390   -0.8026    1.0187   -0.8356   -0.0934    1.0394    0.9172


design = 

  <a href="matlab:helpPopup struct" style="font-weight:bold">struct</a> with fields:

    F: 4.6739e+03

    4    649      4673.92            0         26.1     1.46e+04

ans =

  Columns 1 through 13

  -22.8637  -16.3333  -10.0940   -3.5129    4.7450   -6.5969    2.2453    2.9030    2.6150    0.8011    1.5262   -1.5110   -0.5743

  Columns 14 through 24

    0.6087   -0.1676    0.2967    0.1757   -0.4598   -0.8261    1.0232   -0.8379   -0.4674    1.0659    0.9504


design = 

  <a href="matlab:helpPopup struct" style="font-weight:bold">struct</a> with fields:

    F: 2.6945e+03

    5    708      2694.53            0         1.99     1.46e+04

ans =

  Columns 1 through 13

  -19.6541  -16.1481  -10.6660   -3.5643  -21.4086   31.5363    2.2480    7.8693    2.3780   10.7311    7.2539   -9.0172   -0.5865

  Columns 14 through 24

   -5.6739    5.1654    1.3654    0.3933   -0.5407   -0.9299    1.0443   -0.8447   -2.3665    1.1701    1.0973


design = 

  <a href="matlab:helpPopup struct" style="font-weight:bold">struct</a> with fields:

    F: 566.4178

    6    767      566.418            0         3.39     1.44e+04

ans =

