Starting parallel pool (parpool) using the 'local' profile ...
Connected to the parallel pool (number of workers: 4).

ans = 

 <a href="matlab: helpPopup parallel.Pool" style="font-weight:bold">Pool</a> with properties: 

            Connected: true
           NumWorkers: 4
              Cluster: <a href="matlab: parallel.internal.display.Displayer.displayObject('1F8B0800000000000000AD54CD4EC240105E2A2592A8D18BE1E80318A2C6037A51C41835540C62F4D0041758A1BA74EBB62472F3E8A378F4317C042FDE3DF208EED2A95DB655343AC99776A6F3CDDF4E17658E2C246441E0492027302BB08442C97C3EB3C8AAD4CEA4BE2AE0618E2925B4E8B801E12EA6C58EE37B140F8B07034A2B74E00BB345FAC40D5814FF50893F0F714DD073902BCA27F542F8FA6628DF22C8782BB9385E5E8B277D46661CCF001D29FD9E9A31DF48E1ABF598A27F1374F994B388E2CC9A3F9B9BECF9C0A1E48263CF23BCD904FE4B36E6C7F9D2E722FD0B99AFFB7ED7FC0DB0CD088834E84AE001F02CF00ADF23690C3D82F6718051CA397E79E8282159C8394D3229BA6A3350B21FDD479505E5A9EE5B16ECEAF92E2B711641FF6CB11DB65EACB236A661BC35E377FB5200FD5EE094B36B71F4897A8F59EB2C601C77894C1438CC0DED2783FE05E3B784FB93FE7572377038F16B2E755C5275DAC4F51DB72BFD1B3D4E7047F3977597A6CC21DAEB680E52A761DB63FEC3147E4DE34BBDB26D9FFBA27ABB54DADC087A7848F88D5DF63CB95A769DE1BE28DAB670D0935DFAB6556E54CB7BF6386B1346DFBC612DDFAE6FACAD6FE1441FB929F3CF831DAADA1D9F9FC2CF1BDFF30D78FB5BDED18ECE9FD3F8FA3E9B13FCE4BDACFBE97C3D5FDA9E2234B9A7FFCD7F44DFDFCB97489D73A8ABF7B2FADFFEE55E96F201F22352F3E0060000')">local</a>
        AttachedFiles: {}
    AutoAddClientPath: true
          IdleTimeout: 30 minutes (30 minutes remaining)
          SpmdEnabled: true

[Warning: The model name '<a href="matlab:open_system ('ss1_inter')">ss1_inter</a>' is shadowing another name in the MATLAB workspace or path. Type "which -all <a href="matlab:open_system ('ss1_inter')">ss1_inter</a>" at the
command line to find the other uses of this name. You should change the name of the model to avoid problems.] 
[Warning: The model name '<a href="matlab:open_system ('ss1_plant')">ss1_plant</a>' is shadowing another name in the MATLAB workspace or path. Type "which -all <a href="matlab:open_system ('ss1_plant')">ss1_plant</a>" at the
command line to find the other uses of this name. You should change the name of the model to avoid problems.] 

opt = 

  <a href="matlab:helpPopup sdo.OptimizeOptions" style="font-weight:bold">OptimizeOptions</a> with properties:

                      Method: 'fmincon'
               MethodOptions: [1×1 optim.options.Fmincon]
                    Restarts: 0
              StopIfFeasible: 'on'
                     GradFcn: 'off'
                 UseParallel: 0
    ParallelPathDependencies: {}
    ParallelFileDependencies: {}
              OptimizedModel: ''


design = 

  <a href="matlab:helpPopup struct" style="font-weight:bold">struct</a> with fields:

    F: 2.5636e+07

Configuring parallel workers for optimization...
Parallel workers configured for optimization.

 Optimization started 22-May-2020 10:54:18

design = 

  <a href="matlab:helpPopup struct" style="font-weight:bold">struct</a> with fields:

    F: 2.5636e+07


                               max                     First-order 
 Iter F-count        f(x)   constraint    Step-size    optimality
    0     55  2.56356e+07       0.2132

design = 

  <a href="matlab:helpPopup struct" style="font-weight:bold">struct</a> with fields:

    F: 1.6369e+07

    1    110  1.63689e+07      0.04434         2.62     3.46e+06

design = 

  <a href="matlab:helpPopup struct" style="font-weight:bold">struct</a> with fields:

    F: 1.6221e+07

    2    165  1.62209e+07      0.04253        0.509     3.45e+06

design = 

  <a href="matlab:helpPopup struct" style="font-weight:bold">struct</a> with fields:

    F: 1.6028e+07

    3    220  1.60284e+07      0.03932          1.3     3.44e+06

design = 

  <a href="matlab:helpPopup struct" style="font-weight:bold">struct</a> with fields:

    F: 1.5782e+07

    4    275  1.57822e+07      0.03722         1.46     3.43e+06

design = 

  <a href="matlab:helpPopup struct" style="font-weight:bold">struct</a> with fields:

    F: 1.5766e+07

    5    330  1.57661e+07      0.03699        0.757     3.43e+06

design = 

  <a href="matlab:helpPopup struct" style="font-weight:bold">struct</a> with fields:

    F: 1.5746e+07

    6    385   1.5746e+07      0.03713         1.04     3.43e+06

design = 

  <a href="matlab:helpPopup struct" style="font-weight:bold">struct</a> with fields:

    F: 1.5744e+07

    7    440  1.57443e+07      0.03707        0.337     3.43e+06

design = 

  <a href="matlab:helpPopup struct" style="font-weight:bold">struct</a> with fields:

    F: 1.5735e+07

    8    495   1.5735e+07      0.03668        0.958     3.43e+06

design = 

  <a href="matlab:helpPopup struct" style="font-weight:bold">struct</a> with fields:

    F: 1.5734e+07

    9    550  1.57343e+07      0.03575         1.33     3.43e+06

design = 

  <a href="matlab:helpPopup struct" style="font-weight:bold">struct</a> with fields:

    F: 1.5734e+07

   10    605  1.57339e+07      0.03573       0.0211     3.43e+06
Converged to an infeasible point.

fmincon stopped because the size of the current step is less than
the value of the step size tolerance but constraints are not
satisfied to within the value of the constraint tolerance.
Removing data from parallel workers...
Data removed from parallel workers.
Elapsed time is 1690.108755 seconds.

design = 

  <a href="matlab:helpPopup struct" style="font-weight:bold">struct</a> with fields:

    F: 2.5740e+06

Configuring parallel workers for optimization...
Parallel workers configured for optimization.

 Optimization started 22-May-2020 11:21:35

design = 

  <a href="matlab:helpPopup struct" style="font-weight:bold">struct</a> with fields:

    F: 2.5740e+06


                               max                     First-order 
 Iter F-count        f(x)   constraint    Step-size    optimality
    0     49  2.57398e+06      0.02785

design = 

  <a href="matlab:helpPopup struct" style="font-weight:bold">struct</a> with fields:

    F: 2.3407e+06

    1     98  2.34066e+06      0.01978        0.709     3.58e+07

design = 

  <a href="matlab:helpPopup struct" style="font-weight:bold">struct</a> with fields:

    F: 2.3358e+06

    2    147  2.33577e+06      0.01978       0.0246     4.54e+05

design = 

  <a href="matlab:helpPopup struct" style="font-weight:bold">struct</a> with fields:

    F: 2.3216e+06

    3    196  2.32165e+06      0.01949       0.0756           43

design = 

  <a href="matlab:helpPopup struct" style="font-weight:bold">struct</a> with fields:

    F: 2.3202e+06

    4    245  2.32021e+06      0.01945        0.302     5.63e+04
Converged to an infeasible point.

fmincon stopped because the size of the current step is less than
the value of the step size tolerance but constraints are not
satisfied to within the value of the constraint tolerance.
Removing data from parallel workers...
Data removed from parallel workers.
Elapsed time is 1572.735298 seconds.

design = 

  <a href="matlab:helpPopup struct" style="font-weight:bold">struct</a> with fields:

    F: 2.0142e+06

Configuring parallel workers for optimization...
Parallel workers configured for optimization.

 Optimization started 22-May-2020 11:47:46

design = 

  <a href="matlab:helpPopup struct" style="font-weight:bold">struct</a> with fields:

    F: 2.0142e+06


                               max                     First-order 
 Iter F-count        f(x)   constraint    Step-size    optimality
    0     49  2.01419e+06      0.02311

design = 

  <a href="matlab:helpPopup struct" style="font-weight:bold">struct</a> with fields:

    F: 1.7877e+06

    1     98  1.78771e+06      0.01575        0.692     1.59e+05

design = 

  <a href="matlab:helpPopup struct" style="font-weight:bold">struct</a> with fields:

    F: 1.7772e+06

    2    147  1.77722e+06      0.01536        0.109     6.04e+04

