Starting parallel pool (parpool) using the 'local' profile ...
Connected to the parallel pool (number of workers: 6).

ans = 

 <a href="matlab: helpPopup parallel.Pool" style="font-weight:bold">Pool</a> with properties: 

            Connected: true
           NumWorkers: 6
              Cluster: <a href="matlab: parallel.internal.display.Displayer.displayObject('1F8B0800000000000000AD54C14E0231102D2B4B2451A217C3D10F30048D07F4A288316A582180D1C32658A0C262D9AEDD25911B473FC5A39FE12778F1EE914FB065BB6EE9AEA0C1495EDA999D37D399CE16242E0CC024C3F0C290625865D804BE24BED724304A953AD777181C4821C608E72CDB43D48638D7B15C07C351EE6C8871090F5D6636D000D91E09E29F4BF1D7455C5DE829912BC8C7F5ACBFFDD0A46F0178BCED54182FADC4E33E133D8CA7091D48F556F590AFC5F0E5F3E8AC7E5DE87CE5BD08E2ACEABFEB1BAFF9CCC2E88642C741B4D914FCB764C80FF3C5F785FB67133FD7FDA9F86BC2B6C2C0D2803B86B1C02BC3BBF81E4863E420700A3D0862EEF1C74B0711498A9C8B2411A3CB360D44EB517D64C948AB3C6F496197EF774B8AB321F4EF12DB7EE9B9326943ECC7CB6B7F9B97ACD09F18AA94DCB3AB8F9CF792B4EA1EA1B08B7822CF22B66FBF1A0E6E087D40D49DF5AFA1C7A145915BB1B165A3B2D546B66BD95DEEDFE851043B8A3F3F7761411F82B90EFAC075EC973DE58F17F02B0A9FEBA543F3DA65A7370B85FD3DAF074788F6CDA2E3F0D1326B040ED8A14D037A3D5EA56B1AC546B978624EB33645EB9B7DD272CDDA5E7EF70046EA482DE87F5AD87DC91E4FEF4FE2A7B5F97C4DEC96CB3B3952F96B0A5F9D677D861F7D97553F95AFE68B9B530066E7F4BFF9CF60FEBB7C0BE43EFBBAFC2ECBFFED32EF32972F4B10F8BDE0060000')">local</a>
        AttachedFiles: {}
    AutoAddClientPath: true
          IdleTimeout: 30 minutes (30 minutes remaining)
          SpmdEnabled: true


opt = 

  <a href="matlab:helpPopup sdo.OptimizeOptions" style="font-weight:bold">OptimizeOptions</a> with properties:

                      Method: 'fmincon'
               MethodOptions: [1×1 optim.options.Fmincon]
                    Restarts: 0
              StopIfFeasible: 'on'
                     GradFcn: 'off'
                 UseParallel: 0
    ParallelPathDependencies: {}
    ParallelFileDependencies: {}
              OptimizedModel: ''


design = 

  <a href="matlab:helpPopup struct" style="font-weight:bold">struct</a> with fields:

    F: 1.4350

Configuring parallel workers for optimization...
Parallel workers configured for optimization.

 Optimization started 03-May-2020 15:35:35

design = 

  <a href="matlab:helpPopup struct" style="font-weight:bold">struct</a> with fields:

    F: 1.4350


                               max                     First-order 
 Iter F-count        f(x)   constraint    Step-size    optimality
    0     55        1.435        1.435

design = 

  <a href="matlab:helpPopup struct" style="font-weight:bold">struct</a> with fields:

    F: 1.4350


design = 

  <a href="matlab:helpPopup struct" style="font-weight:bold">struct</a> with fields:

    F: 1.4350

    1    165        1.435        1.435        0.022            0

design = 

  <a href="matlab:helpPopup struct" style="font-weight:bold">struct</a> with fields:

    F: 1.4350

Converged to an infeasible point.

fmincon stopped because the size of the current step is less than
the value of the step size tolerance but constraints are not
satisfied to within the value of the constraint tolerance.
Removing data from parallel workers...
Data removed from parallel workers.
Elapsed time is 503.028934 seconds.

design = 

  <a href="matlab:helpPopup struct" style="font-weight:bold">struct</a> with fields:

    F: 1.4350

Configuring parallel workers for optimization...
Parallel workers configured for optimization.

 Optimization started 03-May-2020 15:43:04

design = 

  <a href="matlab:helpPopup struct" style="font-weight:bold">struct</a> with fields:

    F: 1.4350


                               max                     First-order 
 Iter F-count        f(x)   constraint    Step-size    optimality
    0     49        1.435        1.435
Converged to an infeasible point.

fmincon stopped because the size of the current step is less than
the value of the step size tolerance but constraints are not
satisfied to within the value of the constraint tolerance.
Removing data from parallel workers...
Data removed from parallel workers.
Elapsed time is 279.372055 seconds.

design = 

  <a href="matlab:helpPopup struct" style="font-weight:bold">struct</a> with fields:

    F: 1.4350

Configuring parallel workers for optimization...
Parallel workers configured for optimization.

 Optimization started 03-May-2020 15:47:42

design = 

  <a href="matlab:helpPopup struct" style="font-weight:bold">struct</a> with fields:

    F: 1.4350


                               max                     First-order 
 Iter F-count        f(x)   constraint    Step-size    optimality
    0     49        1.435        1.435
Converged to an infeasible point.

fmincon stopped because the size of the current step is less than
the value of the step size tolerance but constraints are not
satisfied to within the value of the constraint tolerance.
Removing data from parallel workers...
Data removed from parallel workers.
Elapsed time is 277.837132 seconds.

design = 

  <a href="matlab:helpPopup struct" style="font-weight:bold">struct</a> with fields:

    F: 1.4350

Configuring parallel workers for optimization...
Parallel workers configured for optimization.

 Optimization started 03-May-2020 15:52:19

design = 

  <a href="matlab:helpPopup struct" style="font-weight:bold">struct</a> with fields:

    F: 1.4350


                               max                     First-order 
 Iter F-count        f(x)   constraint    Step-size    optimality
    0     49        1.435        1.435
Converged to an infeasible point.

fmincon stopped because the size of the current step is less than
the value of the step size tolerance but constraints are not
satisfied to within the value of the constraint tolerance.
Removing data from parallel workers...
Data removed from parallel workers.
Elapsed time is 274.442145 seconds.

design = 

  <a href="matlab:helpPopup struct" style="font-weight:bold">struct</a> with fields:

    F: 1.4350

Configuring parallel workers for optimization...
Parallel workers configured for optimization.

 Optimization started 03-May-2020 15:56:54

design = 

  <a href="matlab:helpPopup struct" style="font-weight:bold">struct</a> with fields:

    F: 1.4350


                               max                     First-order 
 Iter F-count        f(x)   constraint    Step-size    optimality
    0     49        1.435        1.435
Converged to an infeasible point.

fmincon stopped because the size of the current step is less than
the value of the step size tolerance but constraints are not
satisfied to within the value of the constraint tolerance.
Removing data from parallel workers...
Data removed from parallel workers.
Elapsed time is 272.312183 seconds.

design = 

  <a href="matlab:helpPopup struct" style="font-weight:bold">struct</a> with fields:

    F: 1.4350

Configuring parallel workers for optimization...
Parallel workers configured for optimization.

 Optimization started 03-May-2020 16:01:26

design = 

  <a href="matlab:helpPopup struct" style="font-weight:bold">struct</a> with fields:

    F: 1.4350


                               max                     First-order 
 Iter F-count        f(x)   constraint    Step-size    optimality
    0     49        1.435        1.435
Converged to an infeasible point.

fmincon stopped because the size of the current step is less than
the value of the step size tolerance but constraints are not
satisfied to within the value of the constraint tolerance.
Removing data from parallel workers...
Data removed from parallel workers.
Elapsed time is 269.013756 seconds.

design = 

  <a href="matlab:helpPopup struct" style="font-weight:bold">struct</a> with fields:

    F: 1.4350

Configuring parallel workers for optimization...
Parallel workers configured for optimization.

 Optimization started 03-May-2020 16:05:54

