Starting parallel pool (parpool) using the 'local' profile ...
Connected to the parallel pool (number of workers: 4).

ans = 

 <a href="matlab: helpPopup parallel.Pool" style="font-weight:bold">Pool</a> with properties: 

            Connected: true
           NumWorkers: 4
              Cluster: <a href="matlab: parallel.internal.display.Displayer.displayObject('1F8B0800000000000000AD54CD4EC240105E2A2592A8D18BE1E80318A2C6037A51C41835540C62F4D0041758A1BA74EBB62472F3E8A378F4317C042FDE3DF208EED2A95DB655343AC99776A6F3CDDF4E17658E2C246441E0492027302BB08442C97C3EB3C8AAD4CEA4BE2AE0618E2925B4E8B801E12EA6C58EE37B140F8B07034A2B74E00BB345FAC40D5814FF50893F0F714DD073902BCA27F542F8FA6628DF22C8782BB9385E5E8B277D46661CCF001D29FD9E9A31DF48E1ABF598A27F1374F994B388E2CC9A3F9B9BECF9C0A1E48263CF23BCD904FE4B36E6C7F9D2E722FD0B99AFFB7ED7FC0DB0CD088834E84AE001F02CF00ADF23690C3D82F6718051CA397E79E8282159C8394D3229BA6A3350B21FDD479505E5A9EE5B16ECEAF92E2B711641FF6CB11DB65EACB236A661BC35E377FB5200FD5EE094B36B71F4897A8F59EB2C601C77894C1438CC0DED2783FE05E3B784FB93FE7572377038F16B2E755C5275DAC4F51DB72BFD1B3D4E7047F3977597A6CC21DAEB680E52A761DB63FEC3147E4DE34BBDB26D9FFBA27ABB54DADC087A7848F88D5DF63CB95A769DE1BE28DAB670D0935DFAB6556E54CB7BF6386B1346DFBC612DDFAE6FACAD6FE1441FB929F3CF831DAADA1D9F9FC2CF1BDFF30D78FB5BDED18ECE9FD3F8FA3E9B13FCE4BDACFBE97C3D5FDA9E2234B9A7FFCD7F44DFDFCB97489D73A8ABF7B2FADFFEE55E96F201F22352F3E0060000')">local</a>
        AttachedFiles: {}
    AutoAddClientPath: true
          IdleTimeout: 30 minutes (30 minutes remaining)
          SpmdEnabled: true


ans =

  Columns 1 through 21

     0     0     0     0     0     0     0     0     0     0     0     0     0     0     0     0     0     0     0     0     0

  Columns 22 through 24

     0     0     0


design = 

  <a href="matlab:helpPopup struct" style="font-weight:bold">struct</a> with fields:

    F: 4.7443e+04

Configuring parallel workers for optimization...
Parallel workers configured for optimization.

 Optimization started 26-Mar-2020 21:38:05

ans =

  Columns 1 through 21

     0     0     0     0     0     0     0     0     0     0     0     0     0     0     0     0     0     0     0     0     0

  Columns 22 through 24

     0     0     0


design = 

  <a href="matlab:helpPopup struct" style="font-weight:bold">struct</a> with fields:

    F: 4.7443e+04


                               max                     First-order 
 Iter F-count        f(x)   constraint    Step-size    optimality
    0     59      47442.5            0

ans =

  Columns 1 through 13

 -149.2010 -149.2500 -149.2487 -149.2408 -149.2401 -149.2229  -29.7927   29.7964   29.8288   29.8192   29.8347   29.8370    7.9161

  Columns 14 through 24

    7.9308    7.9328    7.9335    7.9344    7.9352  -14.8611  -14.9108  -14.8381   14.7722  -14.9055  -14.9081


design = 

  <a href="matlab:helpPopup struct" style="font-weight:bold">struct</a> with fields:

    F: 2.4586e+03

    1    118      2458.56            0         4.87     6.82e+03

ans =

  Columns 1 through 13

 -149.2428 -149.2776 -149.3053 -149.3795 -149.4331 -149.5717  -29.7925   29.7859   29.8226   29.8087   29.8290   29.8325    7.9125

  Columns 14 through 24

    7.9278    7.9303    7.9312    7.9323    7.9332  -14.8641  -14.9121  -14.8631   14.6727  -14.9108  -14.9126


design = 

  <a href="matlab:helpPopup struct" style="font-weight:bold">struct</a> with fields:

    F: 2.3686e+03

    2    177       2368.6            0        0.162     6.82e+03

ans =

  Columns 1 through 13

 -149.2431 -149.2778 -149.3059 -149.3806 -149.4344 -149.5734  -29.7925   29.7858   29.8225   29.8086   29.8289   29.8325    7.9125

  Columns 14 through 24

    7.9278    7.9303    7.9312    7.9323    7.9332  -14.8641  -14.9121  -14.8633   14.6710  -14.9108  -14.9127


design = 

  <a href="matlab:helpPopup struct" style="font-weight:bold">struct</a> with fields:

    F: 2.3681e+03

    3    236      2368.06            0     0.000818     3.94e+03
Local minimum possible. Constraints satisfied.

fmincon stopped because the size of the current step is less than
the value of the step size tolerance and constraints are 
satisfied to within the value of the constraint tolerance.
Removing data from parallel workers...
Data removed from parallel workers.
Elapsed time is 1045.803988 seconds.

ans =

  Columns 1 through 13

 -149.2431 -149.2778 -149.3059 -149.3806 -149.4344 -149.5734  -29.7925   29.7858   29.8225   29.8086   29.8289   29.8325    7.9125

  Columns 14 through 24

    7.9278    7.9303    7.9312    7.9323    7.9332  -14.8641  -14.9121  -14.8633   14.6710  -14.9108  -14.9127


design = 

  <a href="matlab:helpPopup struct" style="font-weight:bold">struct</a> with fields:

    F: 3.3970e+03

Configuring parallel workers for optimization...
Parallel workers configured for optimization.

 Optimization started 26-Mar-2020 21:54:36

ans =

  Columns 1 through 13

 -149.2431 -149.2778 -149.3059 -149.3806 -149.4344 -149.5734  -29.7925   29.7858   29.8225   29.8086   29.8289   29.8325    7.9125

  Columns 14 through 24

    7.9278    7.9303    7.9312    7.9323    7.9332  -14.8641  -14.9121  -14.8633   14.6710  -14.9108  -14.9127


design = 

  <a href="matlab:helpPopup struct" style="font-weight:bold">struct</a> with fields:

    F: 3.3970e+03


                               max                     First-order 
 Iter F-count        f(x)   constraint    Step-size    optimality
    0     49      3396.99            0

ans =

  Columns 1 through 13

 -149.4168 -149.4438 -149.4654 -149.5229 -149.5644 -149.6714  -29.8132   29.3999   29.2609   29.1255   29.3049   29.4175    7.9084

  Columns 14 through 24

    7.9144    7.9127    7.9185    7.9217    7.9235  -14.8899  -14.9316  -14.8945   13.1785  -14.9312  -14.9326


design = 

  <a href="matlab:helpPopup struct" style="font-weight:bold">struct</a> with fields:

    F: 3.3530e+03

    1     98      3352.99            0        0.107          243

ans =

  Columns 1 through 13

 -149.4357 -149.4607 -149.4828 -149.5415 -149.5828 -149.6853  -29.8144   29.0809   27.9722   26.8202   28.0424   28.6945    7.9078

  Columns 14 through 24

    7.9124    7.9050    7.9148    7.9198    7.9216  -14.8988  -14.9363  -14.9004   13.1735  -14.9347  -14.9361


design = 

  <a href="matlab:helpPopup struct" style="font-weight:bold">struct</a> with fields:

    F: 3.3064e+03

    2    147       3306.4            0        0.101          243

ans =

  Columns 1 through 13

 -149.4438 -149.4686 -149.4902 -149.5473 -149.5877 -149.6890  -29.8156   28.9095   26.9730   26.8086   27.1020   28.2758    7.9075

  Columns 14 through 24

    7.9114    7.9042    7.9140    7.9191    7.9210  -14.8993  -14.9368  -14.9014   13.1732  -14.9353  -14.9368


design = 

  <a href="matlab:helpPopup struct" style="font-weight:bold">struct</a> with fields:

    F: 3.2869e+03

    3    196      3286.94            0       0.0482          239

ans =

  Columns 1 through 13

 -149.4660 -149.4912 -149.5102 -149.5609 -149.5979 -149.6967  -29.8187   28.2771   26.8233   26.8087   26.8897   27.7116    7.9067

  Columns 14 through 24

    7.9088    7.9047    7.9127    7.9177    7.9196  -14.8985  -14.9367  -14.9029   13.1726  -14.9364  -14.9377


design = 

  <a href="matlab:helpPopup struct" style="font-weight:bold">struct</a> with fields:

    F: 3.2765e+03

    4    245      3276.53            0       0.0296          235

ans =

  Columns 1 through 13

 -149.4804 -149.5053 -149.5234 -149.5716 -149.6071 -149.7037  -29.8212   26.7933   26.8230   26.8087   26.8640   26.9805    7.9062

  Columns 14 through 24

    7.9066    7.9029    7.9109    7.9162    7.9182  -14.8997  -14.9376  -14.9047   13.1724  -14.9377  -14.9389


design = 

  <a href="matlab:helpPopup struct" style="font-weight:bold">struct</a> with fields:

    F: 3.2647e+03

    5    294      3264.72            0       0.0551          253

ans =

