Starting parallel pool (parpool) using the 'local' profile ...
Connected to the parallel pool (number of workers: 4).

ans = 

 <a href="matlab: helpPopup parallel.Pool" style="font-weight:bold">Pool</a> with properties: 

            Connected: true
           NumWorkers: 4
              Cluster: <a href="matlab: parallel.internal.display.Displayer.displayObject('1F8B0800000000000000AD54CD4EC240105E2A2592A8D18BE1E80318A2C6037A51C41835540C62F4D0041758A1BA74EBB62472F3E8A378F4317C042FDE3DF208EED2A95DB655343AC99776A6F3CDDF4E17658E2C246441E0492027302BB08442C97C3EB3C8AAD4CEA4BE2AE0618E2925B4E8B801E12EA6C58EE37B140F8B07034A2B74E00BB345FAC40D5814FF50893F0F714DD073902BCA27F542F8FA6628DF22C8782BB9385E5E8B277D46661CCF001D29FD9E9A31DF48E1ABF598A27F1374F994B388E2CC9A3F9B9BECF9C0A1E48263CF23BCD904FE4B36E6C7F9D2E722FD0B99AFFB7ED7FC0DB0CD088834E84AE001F02CF00ADF23690C3D82F6718051CA397E79E8282159C8394D3229BA6A3350B21FDD479505E5A9EE5B16ECEAF92E2B711641FF6CB11DB65EACB236A661BC35E377FB5200FD5EE094B36B71F4897A8F59EB2C601C77894C1438CC0DED2783FE05E3B784FB93FE7572377038F16B2E755C5275DAC4F51DB72BFD1B3D4E7047F3977597A6CC21DAEB680E52A761DB63FEC3147E4DE34BBDB26D9FFBA27ABB54DADC087A7848F88D5DF63CB95A769DE1BE28DAB670D0935DFAB6556E54CB7BF6386B1346DFBC612DDFAE6FACAD6FE1441FB929F3CF831DAADA1D9F9FC2CF1BDFF30D78FB5BDED18ECE9FD3F8FA3E9B13FCE4BDACFBE97C3D5FDA9E2234B9A7FFCD7F44DFDFCB97489D73A8ABF7B2FADFFEE55E96F201F22352F3E0060000')">local</a>
        AttachedFiles: {}
    AutoAddClientPath: true
          IdleTimeout: 30 minutes (30 minutes remaining)
          SpmdEnabled: true


ans =

  Columns 1 through 21

     0     0     0     0     0     0     0     0     0     0     0     0     0     0     0     0     0     0     0     0     0

  Columns 22 through 24

     0     0     0


design = 

  <a href="matlab:helpPopup struct" style="font-weight:bold">struct</a> with fields:

    F: 4.7407e+04

Configuring parallel workers for optimization...
Parallel workers configured for optimization.

 Optimization started 26-Mar-2020 18:22:23

ans =

  Columns 1 through 21

     0     0     0     0     0     0     0     0     0     0     0     0     0     0     0     0     0     0     0     0     0

  Columns 22 through 24

     0     0     0


design = 

  <a href="matlab:helpPopup struct" style="font-weight:bold">struct</a> with fields:

    F: 4.7407e+04


                               max                     First-order 
 Iter F-count        f(x)   constraint    Step-size    optimality
    0     59      47406.8            0

ans =

  Columns 1 through 13

 -149.2042 -149.2457 -149.2500 -149.2391 -149.2372 -149.2378   29.8150   29.6944   29.6740   29.7846   29.7933   29.7888   -7.3970

  Columns 14 through 24

   -7.9091   -7.9088   -7.9061   -7.9022   -7.8979  -14.9040  -14.8855  -14.9023  -14.9053   14.8777  -14.8890


design = 

  <a href="matlab:helpPopup struct" style="font-weight:bold">struct</a> with fields:

    F: 2.3278e+03

    1    118      2327.76            0         4.85     6.76e+03

ans =

  Columns 1 through 13

 -149.2838 -149.3089 -149.3383 -149.4472 -149.5140 -149.5606   29.8089   29.6235   29.5608   29.7506   29.7669   29.7684   -7.5807

  Columns 14 through 24

   -7.9106   -7.9094   -7.9063   -7.9023   -7.8982  -14.9043  -14.8929  -14.9080  -14.9119   14.8487  -14.9045


design = 

  <a href="matlab:helpPopup struct" style="font-weight:bold">struct</a> with fields:

    F: 2.2405e+03

    2    177       2240.5            0       0.0457      2.6e+03

ans =

  Columns 1 through 13

 -149.4717 -149.4759 -149.5543 -149.7550 -149.8298 -149.8718   29.7869   28.7824    2.3509   29.5042   29.6088   29.6689   -7.8129

  Columns 14 through 24

   -7.9174   -7.9141   -7.9109   -7.9050   -7.9016  -14.9094  -14.9210  -14.9280  -14.9329   14.4412  -14.9398


design = 

  <a href="matlab:helpPopup struct" style="font-weight:bold">struct</a> with fields:

    F: 2.0583e+03

    3    236      2058.32            0        0.909     2.84e+03

ans =

  Columns 1 through 13

 -149.4509 -149.4550 -149.5408 -149.7532 -149.8321 -149.8733   29.7887   28.9180  -29.8382   29.4754   29.5747   29.6251   -7.8206

  Columns 14 through 24

   -7.9184   -7.9150   -7.9117   -7.9055   -7.9013  -14.9096  -14.9212  -14.9277  -14.9329   14.4024  -14.9407


design = 

  <a href="matlab:helpPopup struct" style="font-weight:bold">struct</a> with fields:

    F: 1.9515e+03

    4    295      1951.55            0         1.07     2.68e+03

ans =

  Columns 1 through 13

 -149.4508 -149.4549 -149.5407 -149.7533 -149.8323 -149.8734   29.7887   28.9164  -29.9992   29.4743   29.5739   29.6241   -7.8207

  Columns 14 through 24

   -7.9184   -7.9150   -7.9117   -7.9055   -7.9013  -14.9096  -14.9212  -14.9277  -14.9329   14.4004  -14.9407


design = 

  <a href="matlab:helpPopup struct" style="font-weight:bold">struct</a> with fields:

    F: 1.9509e+03

    5    354      1950.95            0      0.00537     1.59e+03
Local minimum possible. Constraints satisfied.

fmincon stopped because the size of the current step is less than
the value of the step size tolerance and constraints are 
satisfied to within the value of the constraint tolerance.
Removing data from parallel workers...
Data removed from parallel workers.
Elapsed time is 1474.458423 seconds.

ans =

  Columns 1 through 13

 -149.4508 -149.4549 -149.5407 -149.7533 -149.8323 -149.8734   29.7887   28.9164  -29.9992   29.4743   29.5739   29.6241   -7.8207

  Columns 14 through 24

   -7.9184   -7.9150   -7.9117   -7.9055   -7.9013  -14.9096  -14.9212  -14.9277  -14.9329   14.4004  -14.9407


design = 

  <a href="matlab:helpPopup struct" style="font-weight:bold">struct</a> with fields:

    F: 2.7985e+03

Configuring parallel workers for optimization...
Parallel workers configured for optimization.

 Optimization started 26-Mar-2020 18:45:33

ans =

  Columns 1 through 13

 -149.4508 -149.4549 -149.5407 -149.7533 -149.8323 -149.8734   29.7887   28.9164  -29.9992   29.4743   29.5739   29.6241   -7.8207

  Columns 14 through 24

   -7.9184   -7.9150   -7.9117   -7.9055   -7.9013  -14.9096  -14.9212  -14.9277  -14.9329   14.4004  -14.9407


design = 

  <a href="matlab:helpPopup struct" style="font-weight:bold">struct</a> with fields:

    F: 2.7985e+03


                               max                     First-order 
 Iter F-count        f(x)   constraint    Step-size    optimality
    0     49      2798.45            0

ans =

  Columns 1 through 13

 -149.5533 -149.5568 -149.6267 -149.7995 -149.8636 -149.8971   29.5698   26.3414  -29.9993   26.4893   27.2924   27.7679   -7.8223

  Columns 14 through 24

   -7.9322   -7.9298   -7.9267   -7.9213   -7.9175  -14.9215  -14.9351  -14.9410  -14.9453   13.0124  -14.9517


design = 

  <a href="matlab:helpPopup struct" style="font-weight:bold">struct</a> with fields:

    F: 2.7250e+03

    1     98      2725.05            0        0.188          217

ans =

  Columns 1 through 13

 -149.5642 -149.5669 -149.6339 -149.8037 -149.8671 -149.8999   29.5476   26.2944  -29.9993   26.4817   26.7081   26.6298   -7.8228

  Columns 14 through 24

   -7.9333   -7.9312   -7.9280   -7.9226   -7.9186  -14.9220  -14.9364  -14.9421  -14.9465   12.9970  -14.9529


design = 

  <a href="matlab:helpPopup struct" style="font-weight:bold">struct</a> with fields:

    F: 2.7118e+03

    2    147      2711.81            0       0.0427          206

ans =

  Columns 1 through 13

 -149.5913 -149.5934 -149.6555 -149.8155 -149.8754 -149.9064   29.4267   26.1688  -29.9993   26.4761   26.5861   26.6241   -7.8215

  Columns 14 through 24

   -7.9382   -7.9351   -7.9320   -7.9265   -7.9228  -14.9252  -14.9403  -14.9455  -14.9497   12.9677  -14.9559


design = 

  <a href="matlab:helpPopup struct" style="font-weight:bold">struct</a> with fields:

    F: 2.7092e+03

    3    196      2709.23            0      0.00748          159

ans =

